YEAR    JAN    FEB    MAR    APR    MAY    JUN    JUL    AUG    SEP    OCT    NOV    DEC   D-J-F   M-A-M   J-J-A   S-O-N  metANN
1894  999.9   -1.2    7.6   10.0   17.1   20.7   22.7   22.4   20.2   12.4    3.7    1.4   999.9    11.6    21.9    12.1   11.36
1895   -3.8  999.9  999.9   11.2   16.6   22.1  999.9  999.9  999.9  999.9  999.9  999.9    -1.3    10.9   999.9   999.9  999.90
1896  999.9  999.9  999.9   12.5   20.0   20.4   23.0  999.9  999.9    9.1    7.5    0.1   999.9    13.2    21.7    11.5   11.63
1897   -3.4    0.0    5.6    9.8   14.0   18.7   23.6  999.9   18.2   13.1    6.0    1.5    -1.1     9.8    21.2    12.4   10.58
1898    0.7   -1.3    7.4    7.7   17.2   21.7   24.2   23.3   19.5   12.5    4.9   -0.4     0.3    10.8    23.1    12.3   11.61
1899   -1.2   -3.3    4.5   11.9   17.6   22.3   22.8   22.8   17.6   13.8    6.3   -0.1    -1.6    11.3    22.6    12.6   11.23
1900    0.0   -2.4    1.1   10.2   16.8   21.6   23.5   24.8   21.2   15.6    6.5    0.4    -0.8     9.4    23.3    14.4   11.57
1901   -0.3   -5.0    4.0    9.3   16.6   20.7   25.7   23.8   18.5   12.3    2.7   -0.2    -1.6    10.0    23.4    11.2   10.73
1902   -1.7   -4.0    6.2    9.4   17.4   20.2   23.7   20.8   18.0   13.0   10.0   -0.5    -2.0    11.0    21.6    13.7   11.07
1903   -1.6    0.3    9.3   10.8   17.9   18.7   22.7   21.1   18.2   12.7    2.8   -3.2    -0.6    12.7    20.8    11.2   11.03
1904   -5.2   -5.0    3.7    7.7   16.9   21.3   22.1   21.0   18.8   11.6    4.9   -2.1    -4.5     9.4    21.5    11.8    9.55
1905   -4.2   -5.5  999.9  999.9   17.2   21.7   22.9  999.9  999.9  999.9    4.1    1.2    -3.9   999.9    22.3   999.9  999.90
1906    1.7   -1.4    1.2   10.9   16.8   21.6   22.7   24.3   20.7   11.9    6.2    0.4     0.5     9.6    22.9    12.9   11.48
1907    0.7   -3.3    6.8    6.5   14.2   18.4   23.0   20.4   19.1    9.9    4.7    0.8    -0.7     9.2    20.6    11.2   10.07
1908   -1.5   -3.1    6.3   10.7   17.1   21.6   24.5   22.2   19.5   12.4    5.6    1.4    -1.3    11.4    22.8    12.5   11.34
1909    0.8    2.8    2.6    9.6   16.3  999.9  999.9   21.7  999.9  999.9    8.6   -2.9     1.7     9.5   999.9   999.9  999.90
1910   -1.4  999.9  999.9  999.9   14.2   19.1   23.7  999.9   20.8   13.9    2.8   -2.9    -2.3   999.9    21.4    12.5   10.31
1911    1.1    0.9    2.8    8.7   19.7   22.7   24.3   23.3   20.2   12.7    4.1    3.3    -0.3    10.4    23.4    12.3   11.47
1912   -6.1   -4.1    2.5   11.5   17.3   19.6   22.4   20.8   20.5   13.1    6.8    2.4    -2.3    10.4    20.9    13.5   10.63
1913    3.6   -1.4    6.5   10.7   16.1   21.4   23.6   23.0   17.6   12.8    6.8    2.2     1.5    11.1    22.7    12.4   11.93
1914    0.1   -4.5    1.8    9.3   17.4   21.8   23.1   22.8   17.4   14.2    5.4   -1.6    -0.7     9.5    22.6    12.3   10.92
1915   -1.4    1.5    1.0   13.1   14.8   19.6   22.3   20.8   20.0   13.0    5.8   -1.1    -0.5     9.6    20.9    12.9   10.74
1916    2.5   -2.6    0.5    9.3   17.6   18.5   24.2   22.7   17.2   11.5    5.8   -0.6    -0.4     9.1    21.8    11.5   10.51
1917   -1.4   -2.7    3.9    9.5   12.6   19.9   22.9   22.1   16.5    8.6    3.6   -4.6    -1.6     8.7    21.6     9.6    9.58
1918   -7.6   -0.2    6.7    9.5   19.6   19.5   21.9   23.6   15.7   14.0    5.7    3.6    -4.1    11.9    21.7    11.8   10.32
1919    1.0    0.3    5.5   10.0   15.9   23.5   23.8   20.8   19.0   15.1    5.7   -2.8     1.6    10.5    22.7    13.3   12.02
1920   -4.6   -2.4    4.9    8.3   15.1   20.0   21.3   22.0   19.2   14.5    5.1    1.2    -3.3     9.4    21.1    12.9   10.05
1921    0.6    1.7    9.6   13.5   16.6   22.6   25.3   20.9   21.6   12.0    6.5    0.8     1.2    13.2    22.9    13.4   12.68
1922   -3.0    1.3    4.6   11.0   18.1   22.2   23.1   21.4   20.3   12.9    6.5    0.8    -0.3    11.2    22.2    13.2   11.60
1923   -0.7   -2.9    3.8    9.3   15.3   22.0   22.5   21.8   19.4   10.6    5.0    5.3    -0.9     9.5    22.1    11.7   10.58
1924   -2.0   -2.1    2.6    8.7   13.1   20.4   21.9   22.5   15.4   12.7    5.1   -0.6     0.4     8.1    21.6    11.1   10.30
1925   -2.0    3.4    5.2   12.3   13.6   22.5   22.3   21.7   20.7    7.8    4.1   -0.9     0.3    10.4    22.2    10.9   10.92
1926   -1.4   -0.9    1.1    7.9   16.1   18.9   22.9   23.3   18.9   11.8    4.4   -1.5    -1.1     8.4    21.7    11.7   10.18
1927   -2.0    2.7    6.8    8.9   15.6   18.4   22.8   19.1   19.2   13.4    7.7    0.3    -0.3    10.4    20.1    13.4   10.93
1928   -0.8   -0.6    3.3    8.1   15.7   19.5  999.9   24.0   16.4   13.4    6.3    1.7    -0.4     9.0    22.3    12.0   10.75
1929  999.9  999.9  999.9   11.8   15.5   20.9   23.5   20.4   19.8   10.9    4.9    1.9   999.9    10.6    21.6    11.9   10.85
1930   -0.6    2.5    3.4   10.2   17.5   21.3   23.9   21.9   20.7   10.6    5.3   -1.3     1.3    10.4    22.4    12.2   11.55
1931   -0.1    0.8    2.0    9.2   16.2   21.5   25.0   22.0   20.9   13.0   10.0    4.4    -0.2     9.1    22.8    14.6   11.60
1932    4.7    3.1    1.0    9.2   16.5   21.6   22.8   22.4   19.1   11.7    4.0    0.9     4.1     8.9    22.3    11.6   11.71
1933    2.9    0.0    2.5   11.0   17.5   22.4   23.5   22.6   19.4  999.9    4.1    1.7     1.3    10.3    22.8    11.7   11.54
1934    0.6   -6.3    3.0    9.8   17.2   23.2   24.5   21.1   19.7   12.0    7.6   -0.3    -1.3    10.0    22.9    13.1   11.18
1935   -1.3   -0.7    7.6    8.8   14.0   20.2   24.3   22.4   18.0   12.5    6.7   -3.1    -0.8    10.1    22.3    12.4   11.02
1936   -5.3   -5.2  999.9  999.9   17.7   20.8   23.2   23.3   19.5   12.9    4.0    1.0    -4.5   999.9    22.4    12.1    9.77
1937    3.1   -0.2    2.2    9.1   16.0   21.5   22.5   24.1   17.5   10.5    5.1   -0.7     1.3     9.1    22.7    11.0   11.03
1938   -0.8    2.9    7.4   11.1   15.8   19.5   23.4   23.6   17.4   13.3    7.1    0.5     0.5    11.4    22.2    12.6   11.67
1939    0.5    2.2    5.2    8.6   17.6   21.9   22.1   23.4   20.1   13.0    5.5    2.3     1.1    10.5    22.5    12.9   11.72
1940   -7.2   -0.4    1.1    8.7   15.2   20.6   22.3   20.5   16.3   10.8    5.4    3.6    -1.8     8.3    21.1    10.8    9.63
1941   -1.9   -3.0    0.8   13.3   16.1   21.2   23.8   20.9   19.6   14.7    7.5    3.2    -0.4    10.1    22.0    13.9   11.38
1942   -1.3   -2.9    5.4   12.5   17.8   21.6   23.1   21.7   18.6   13.5    6.2   -1.6    -0.3    11.9    22.1    12.8   11.62
1943    0.0    0.4    4.5    7.4   16.9   23.9   22.9   21.4   16.9   10.7    4.5   -0.8    -0.4     9.6    22.7    10.7   10.66
1944    1.0    0.6    3.0    9.0   19.9   21.8   22.4   22.4   18.3   11.9    6.2   -1.7     0.3    10.6    22.2    12.1   11.31
1945   -5.6   -1.5    9.7   12.3   14.0   20.0   23.1   21.8   19.8   11.5    6.4   -2.6    -2.9    12.0    21.6    12.6   10.82
1946   -0.4    0.2    9.7    9.9   15.8   20.3   23.0   19.8   18.5   14.0    8.0    2.6    -0.9    11.8    21.0    13.5   11.35
1947    2.9   -4.2    0.2   11.5   15.8   20.4   21.7   24.8   19.2   15.4    4.7   -0.1     0.4     9.2    22.3    13.1   11.25
1948   -4.8   -0.4    6.2   11.9   15.9   20.9   23.1   21.7   18.5   10.9    8.4    1.6    -1.8    11.3    21.9    12.6   11.02
1949    3.8    3.7    4.6   10.2   17.0   22.8   24.9   22.9   16.3   15.1    6.5    1.9     3.0    10.6    23.5    12.6   12.45
1950    5.7    0.1    1.6    7.6   15.9   20.3   21.5   21.7   17.3   14.0    4.7   -2.0     2.6     8.4    21.2    12.0   11.03
1951    0.4    1.3    4.2    9.8   16.7   21.2   23.3   21.9   17.8   13.8    2.8    1.2    -0.1    10.2    22.1    11.5   10.93
1952    2.3    2.0    4.0   11.3   15.4   22.9   23.9   21.8   17.2   10.5    7.8    1.8     1.8    10.2    22.9    11.8   11.69
1953    2.1    2.4    4.8    8.9   18.9   22.3   23.9   22.7   18.5   14.1    7.4    3.0     2.1    10.9    23.0    13.3   12.32
1954   -0.9    3.0    4.3   13.6   15.2   22.0   22.9   21.6   18.8   14.0    5.6    0.0     1.7    11.0    22.2    12.8   11.93
1955   -1.8  999.9    5.2   13.5   17.9   18.3  999.9  999.9  999.9  999.9  999.9  999.9    -1.0    12.2   999.9   999.9  999.90
1956  999.9  999.9  999.9  999.9  999.9  999.9  999.9  999.9  999.9  999.9  999.9  999.9   999.9   999.9   999.9   999.9  999.90
1957  999.9  999.9  999.9  999.9  999.9  999.9  999.9  999.9  999.9  999.9  999.9    2.9   999.9   999.9   999.9   999.9  999.90
1958   -2.0   -4.2    2.9   11.4   14.7   17.9   23.6   21.7   17.8   12.2    7.4   -4.0    -1.1     9.7    21.1    12.5   10.53
1959   -2.5   -0.4    3.8   11.2   17.9   20.7   23.0   23.9   19.7   12.8    4.8    2.8    -2.3    11.0    22.5    12.4   10.91
1960    0.7   -0.4   -2.5   12.6   14.9   20.2   21.2   22.6   19.5   11.7    7.2   -3.9     1.0     8.3    21.3    12.8   10.88
1961   -4.2    0.4    5.2    7.1   13.7   20.4   22.0   21.3   21.0   11.3    6.0   -0.4    -2.6     8.7    21.2    12.8   10.03
1962   -1.5   -1.1    2.9   10.3   19.1   21.2   21.8   21.3   16.1   13.0    5.6   -1.7    -1.0    10.8    21.4    11.6   10.69
1963   -2.9   -5.4    5.9   10.6   15.0   20.7   22.7   20.3   16.4   14.1    6.9   -4.9    -3.3    10.5    21.2    12.5   10.22
1964   -1.1   -2.4    4.8   10.2   17.2   20.6   23.2   20.3   17.9   10.0    7.7    1.2    -2.8    10.7    21.4    11.9   10.29
1965   -1.3   -0.5    2.2   10.1   19.2   20.1   22.1   21.7   19.7   10.5    6.8    3.2    -0.2    10.5    21.3    12.3   10.98
1966   -4.2   -0.6    5.2    8.2   14.9   20.6   24.2   22.0   16.2   10.0    6.4    0.2    -0.5     9.4    22.3    10.9   10.51
1967    2.1   -2.4    4.2   12.0   12.9   22.6   22.3   21.3   16.2   11.2    3.7    1.9    -0.0     9.7    22.1    10.4   10.53
1968   -4.0   -3.5    6.1   12.5   13.9   20.7   23.8   23.6   18.5   12.2    6.4   -1.5    -1.9    10.8    22.7    12.4   11.01
1969   -2.2   -0.6    1.7   11.6   17.1   21.4   23.1   22.1   18.0   10.8    5.0   -2.5    -1.4    10.1    22.2    11.3   10.54
1970   -4.5   -1.0    2.1   11.1   16.7   18.5   22.8   22.8   20.6   13.5    6.6    1.5    -2.7    10.0    21.4    13.6   10.56
1971   -3.1   -0.1    2.4    9.5   14.6   22.3   22.0   20.6   20.1   14.7    5.8  999.9    -0.6     8.8    21.6    13.5   10.86
1972    1.3   -2.9    2.9    9.9   17.1   18.0   22.8   21.6   18.6    8.6    3.8    2.8    -0.4    10.0    20.8    10.3   10.18
1973   -0.1   -1.1    8.8   10.2   14.1   22.0  999.9   23.0   19.2   13.8    7.0    1.0     0.5    11.0    23.1    13.3   11.99
1974    2.3   -0.7    4.3   10.4   14.7   19.1   22.7   22.1   16.9   10.3    7.0    1.3     0.9     9.8    21.3    11.4   10.84
1975    1.0    0.0    3.1    7.5   18.5   21.2   23.7   23.3   16.7   14.1    9.3    1.2     0.8     9.7    22.7    13.4   11.64
1976   -3.5    3.3    7.5   12.0   14.5   22.7   21.8   20.8   16.9    8.8  999.9  999.9     0.3    11.3    21.8     9.7   10.78
1977  999.9  999.9  999.9  999.9  999.9  999.9  999.9  999.9  999.9  999.9  999.9  999.9   999.9   999.9   999.9   999.9  999.90
1978  999.9  999.9  999.9  999.9  999.9  999.9  999.9  999.9  999.9  999.9  999.9  999.9   999.9   999.9   999.9   999.9  999.90
1979  999.9  999.9  999.9  999.9  999.9  999.9  999.9  999.9  999.9   11.9    8.0    2.9   999.9   999.9   999.9    13.1  999.90
1980   -1.1   -2.9    2.1   10.2   16.5  999.9   23.7   23.4   19.8    9.3    4.4   -0.8    -0.4     9.6    23.0    11.2   10.84
1981   -4.7    1.0    2.4   11.7   16.4   21.9   22.6   21.5   17.8   10.1    4.9   -0.5    -1.5    10.2    22.0    10.9   10.40
1982   -4.2   -0.1    4.0    9.0   18.6   19.5   23.6   20.8   17.8   11.7    7.5    3.8    -1.6    10.5    21.3    12.3   10.64
1983   -1.6    0.2    4.4    8.3   13.5   20.1   22.9   22.8   17.9   12.0    6.5   -2.9     0.8     8.7    21.9    12.1   10.90
1984   -4.2    2.8    0.6   10.0   14.5   21.2   21.8   22.6   16.4   14.9    4.4    4.6    -1.4     8.4    21.9    11.9   10.18
1985   -4.9   -1.5    5.3   12.6   17.1   19.3   22.4   21.7   19.0   13.0    8.6   -2.2    -0.6    11.7    21.1    13.5   11.43
1986   -2.3   -1.1    5.4   11.8   17.0   20.9   23.7   21.1   19.2   12.2    5.5    0.5    -1.9    11.4    21.9    12.3   10.93
1987   -2.9    0.7    6.5   12.1   17.6   22.3   24.7   22.1   18.2    9.4    6.8    1.8    -0.6    12.1    23.0    11.5   11.50
1988   -3.4   -1.2    5.0   10.1   16.8   20.6   24.7   24.1   17.7    9.2    6.9    0.1    -0.9    10.6    23.1    11.3   11.03
1989    1.9   -1.0    4.9    9.3   14.9   21.5   23.5   22.0   18.2   12.5    5.1   -6.4     0.3     9.7    22.3    11.9   11.08
1990    3.0    3.2    4.4   11.7   14.7   20.9   21.9   21.8   18.0   13.4    7.9    2.4    -0.1    10.3    21.5    13.1   11.21
1991  999.9    2.1    5.6   12.2   20.2   22.2   24.2   23.0   18.5   12.9    5.4    2.5     2.0    12.7    23.1    12.3   12.51
1992   -1.0    1.4    3.7   11.5   15.5   19.1   22.9   20.7   17.5   10.7    6.3    0.4     1.0    10.2    20.9    11.5   10.90
1993    0.9   -2.0    2.9   10.6   17.2   20.7   24.6  999.9  999.9  999.9  999.9  999.9    -0.2    10.2    22.7   999.9   11.30
